195.81838553043897      0.0033783220560975207     0
305.1666258917351      1.9909412701853615e-09     0
696.9870517949068      252.99606785903896     14312.932840025695
1529.7479145846146      0.013471568027162524     5112.036815846837
3730.710919279911      2.357461467580041e-10     9362.95050981738
7270.164980916862      8.057965664059194e-263     0
14876.15169458189      1.917e-321     0
31378.969798552545      1.66e-321     0
68702.25728223639      1.55e-321     0
157739.87570211833      1.51e-321     0
