128.8597887266703      51.16019480434694     1059.0892705379258
326.85394635218523      65.94111317252855     2787.406275504568
690.3938181909216      50.709218169562654     6298.426181525418
1550.470211070622      11.773489546798324     13820.857646826276
2871.172957042464      0.529814543280777     28736.940397409628
6027.025716955619      0.0001894113845439395     61772.73840269139
12861.591797801437      2.7644581417592243e-12     132990.204231581
27597.499534620867      1.4690572497570807e-29     286434.59338086366
287107.97979699983      5.178090471542368e-13     12184179.428714043
399986.79359428503      7.424724854045113e-84     7257236.134634558
