123.64322186925426      48.26688348445195     999.88439140714
351.6859843853098      64.74849588086687     2839.1555711297906
3275.5577478289406      3233.6797638755766     163416.6819655682
1354.1378028099239      12.54065063936075     12632.447113403645
2600.6518477137492      0.6045606370157227     26812.21553379534
6730.696886645577      1.556917314146793e-05     59683.99116751565
13448.516239559536      6.421619024339256e-14     125567.94537805338
28373.00973032555      1.3062767437620204e-32     269391.83779129846
60632.10179340082      2.439157084383788e-73     579581.5843027697
130170.22477004475      1.6841391567458763e-161     1247973.1937705881
