108.96410234754643      32.32746088472588     993.4586862437186
224.59924050804364      29.829849678217805     2308.7565529841836
653.8956727035254      6.542539000410489     5582.85966215277
1265.0218920687191      0.18336379208221076     11281.70760528615
2647.16624331321      3.796782277894085e-05     24022.326510520004
5639.933036670378      1.8141564076372472e-13     51552.633782175115
12093.045006320079      8.842307286236755e-32     110891.54830339701
25998.09609274398      1.2856694799250776e-71     238744.0372086885
55956.6117586569      7.886377850698771e-158     514198.5112226825
120500.72708601941      3.1027e-320     1107649.2737028087
