92.73352986968528      44.24470239825024     1168.1100083882873
197.69807514481423      50.91439051963793     2851.824829813668
424.05500531631674      31.72815587484422     6405.772770446803
911.8129163694755      4.949687943645639     13837.382213322555
1962.6931097291726      0.037480767501610036     29794.173470334015
4226.762798104706      4.1710405503827545e-07     64171.477927209125
9104.560831874778      3.659202183021774e-18     138235.1642278355
19613.46170401167      2.2772314126227432e-42     297800.552682175
42254.20395251886      6.643421847903006e-95     641573.767110117
91032.20522811657      1.7960970741240192e-208     1382210.7086584643
