92.96242811385402      52.44444492055002     1322.8571242482117
200.21871566796327      64.96163414572564     3298.9463454673546
431.2956651424307      47.408527934659915     7524.711862665225
929.1359917246169      10.491594344338784     16313.732902353795
2001.7005218606755      0.16906922971037086     35132.23619900273
4312.470780909249      9.568391753116064e-06     75672.7716087009
9290.874400698736      2.7899616929476073e-15     163014.7275882173
20016.519866186667      3.2943414573495375e-36     351187.2769269172
43124.22253281702      1.1099021606353724e-81     756592.7493302705
92908.25876604712      4.931410095748593e-180     1630012.3646444934
